1015,1014,1018,
1015,1018,1049,
1015,1049,1016,
1064,992,1055,
1064,1055,1051,
1064,1051,1065,
1059,1060,1061,
1059,1061,1062,
1059,1062,1063,
1059,1063,1057,
1059,1057,1054,
1059,1054,946,
1059,946,945,
1050,1051,1052,
1050,1052,1053,
1050,1053,1054,
1038,1039,1040,
1038,1040,1041,
1038,1041,1042,
1038,1042,1029,
1038,1029,1028,
1027,936,935,
936,1027,1028,
936,1028,1029,
936,1029,1030,
936,1030,1031,
936,1031,1032,
936,1032,954,
936,954,953,
936,953,956,
936,956,958,
936,958,960,
936,960,973,
936,973,985,
962,964,966,
962,966,968,
962,968,970,
962,970,973,
962,973,960,
1018,1014,1013,
1018,1013,1001,
1018,1001,1019,
1004,994,993,
1004,993,996,
1004,996,999,
998,1010,1011,
998,1011,1002,
998,1002,1005,
987,986,991,
982,980,978,
982,978,976,
982,976,974,
982,974,972,
982,972,993,
982,993,994,
982,994,984,
932,933,934,
932,934,935,
932,935,936,
932,936,937,
932,937,938,
932,938,939,
932,939,940,
932,940,941,
145,144,143,
145,143,142,
145,142,147,
145,147,146,
50,40,39,
50,39,38,
50,38,37,
50,37,36,
50,36,51,
113,103,104,
113,104,124,
113,124,125,
93,113,112,
93,112,111,
93,111,110,
93,110,109,
93,109,108,
93,108,107,
93,107,91,
105,94,106,
87,86,82,
87,82,78,
87,78,83,
130,129,128,
130,128,127,
130,127,126,
130,126,125,
130,125,131,
5,4,73,
10,9,8,
10,8,7,
10,7,6,
10,6,5,
10,5,11,
62,63,64,
62,64,58,
62,58,61,
62,80,79,
62,79,78,
62,78,64,
62,64,63,
49,35,34,
49,34,44,
49,44,43,
49,43,42,
49,42,41,
49,41,40,
49,40,50,
47,45,32,
47,32,31,
47,31,48,
105,115,114,
105,114,24,
105,24,23,
105,23,22,
105,22,33,
105,33,45,
105,45,94,
34,35,25,
34,25,11,
34,11,12,
102,101,100,
102,100,99,
102,99,89,
102,89,51,
102,51,36,
135,134,133,
135,133,132,
135,132,73,
135,73,4,
135,4,3,
135,3,2,
135,2,1,
135,1,0,
30,29,28,
30,28,27,
30,27,26,
30,26,25,
30,25,46,
30,46,48,
30,48,31,
33,32,45,
58,64,59,
58,59,54,
58,54,53,
52,48,46,
52,46,49,
52,49,57,
81,80,62,
81,62,61,
81,61,60,
16,15,14,
16,14,13,
16,13,12,
16,12,11,
16,11,17,
73,131,125,
73,125,119,
73,119,118,
73,118,117,
73,117,116,
73,116,21,
73,21,20,
73,20,19,
73,19,18,
73,18,17,
73,17,11,
73,11,5,
131,73,132,
124,123,122,
124,122,121,
124,121,120,
124,120,119,
124,119,125,
93,91,88,
93,88,84,
93,84,90,
98,97,96,
98,96,95,
98,95,104,
98,104,103,
98,103,90,
98,90,89,
98,89,99,
106,94,92,
106,92,91,
106,91,107,
79,80,81,
79,81,83,
79,83,78,
942,943,944,
942,944,945,
942,945,946,
942,946,947,
942,947,948,
969,971,972,
969,972,973,
969,973,970,
988,989,990,
988,990,951,
988,951,950,
988,950,949,
988,949,987,
988,987,991,
988,991,992,
995,991,986,
995,986,984,
995,984,994,
996,971,969,
996,969,967,
996,967,965,
996,965,963,
996,963,961,
996,961,959,
996,959,997,
1013,1014,1015,
1013,1015,1016,
1013,1016,1010,
1013,1010,1017,
1013,1017,1010,
1013,1010,998,
1013,998,1001,
975,977,979,
975,979,981,
975,981,983,
975,983,985,
975,985,973,
985,937,936,
1033,1034,1035,
1033,1035,1036,
1033,1036,1037,
1033,1037,1028,
1033,1028,1027,
1048,1003,1012,
1048,1012,1016,
1048,1016,1049,
988,992,1064,
1050,1058,1066,
1050,1066,1067,
1050,1067,1068,
1050,1068,1069,
1050,1069,1070,
1050,1070,1065,
1050,1065,1051,
1058,1057,1063,
1058,1063,1038,
1058,1038,1028,
997,959,957,
997,957,955,
997,955,952,
997,952,948,
997,948,947,
1071,1072,1073,
1071,1073,1074,
1071,1074,1075,
1071,1075,1076,
496,497,564,
487,484,486,
484,483,482,
387,475,388,
420,419,428,
283,372,282,
339,348,349,
261,218,331,
261,331,343,
261,343,271,
261,271,270,
377,282,265,
264,195,253,
250,252,195,
221,215,259,
252,253,195,
221,214,215,
190,264,253,
265,282,372,
286,372,283,
339,274,348,
395,387,394,
429,420,428,
395,394,401,
387,395,475,
482,483,485,
436,503,502,
436,502,446,
436,446,445,
436,445,426,
565,496,564,
483,484,487,
836,837,838,
836,838,839,
836,839,840,
836,840,841,
820,821,797,
820,797,815,
820,815,812,
820,812,802,
816,817,801,
816,801,814,
816,814,813,
816,813,798,
618,619,620,
618,620,621,
618,621,622,
618,622,623,
596,597,580,
596,580,591,
596,591,590,
596,590,583,
594,595,584,
594,584,589,
594,589,588,
594,588,579,
585,582,593,
585,593,592,
585,592,581,
585,581,578,
585,578,587,
585,587,586,
595,598,599,
595,599,596,
595,596,583,
595,583,584,
597,600,601,
597,601,594,
597,594,579,
597,579,580,
603,616,617,
603,617,604,
603,604,599,
603,599,600,
605,614,615,
605,615,602,
605,602,597,
605,597,596,
607,610,611,
607,611,608,
607,608,601,
607,601,598,
609,612,613,
609,613,606,
609,606,595,
609,595,594,
629,628,627,
629,627,626,
629,626,625,
629,625,624,
800,803,808,
800,808,809,
800,809,796,
800,796,799,
800,799,810,
800,810,811,
817,818,819,
817,819,820,
817,820,802,
817,802,801,
821,822,823,
821,823,816,
821,816,798,
821,798,797,
829,830,824,
829,824,827,
829,827,819,
829,819,822,
826,825,831,
826,831,828,
826,828,821,
826,821,820,
804,807,832,
804,832,833,
804,833,823,
804,823,818,
834,835,806,
834,806,805,
834,805,817,
834,817,816,
842,843,844,
842,844,845,
842,845,846,
842,846,847,
776,792,763,
776,763,795,
776,795,746,
776,746,717,
776,717,733,
776,733,734,
776,734,718,
776,718,791,
776,791,775,
763,792,793,
763,793,764,
763,764,755,
751,752,757,
751,757,756,
751,756,758,
716,717,746,
716,746,753,
716,753,745,
692,698,697,
692,697,696,
692,696,693,
648,647,653,
648,653,652,
648,652,649,
711,694,695,
711,695,712,
711,712,681,
711,681,630,
711,630,664,
711,664,633,
711,633,650,
711,650,651,
711,651,634,
781,769,658,
781,658,657,
781,657,645,
632,633,664,
632,664,672,
632,672,663,
670,675,676,
670,676,669,
670,669,671,
681,712,713,
681,713,682,
681,682,674,
687,740,728,
687,728,700,
687,700,688,
731,730,736,
731,736,735,
731,735,732,
773,779,778,
773,778,777,
773,777,774,
920,905,919,
898,899,889,
898,889,897,
898,897,888,
898,888,895,
927,928,929,
927,929,930,
927,930,931,
927,931,879,
927,879,880,
927,880,881,
927,881,882,
927,882,883,
927,883,896,
927,896,914,
898,912,911,
898,911,910,
898,910,909,
898,909,908,
898,908,907,
898,907,906,
898,906,904,
898,904,903,
898,903,902,
898,902,901,
898,901,900,
898,900,899,
876,875,874,
876,874,878,
876,878,877,
866,867,850,
866,850,861,
866,861,860,
866,860,853,
865,854,859,
865,859,858,
865,858,868,
855,852,863,
855,863,862,
855,862,851,
855,851,848,
855,848,857,
855,857,856,
917,918,919,
917,919,905,
917,905,891,
917,891,892,
917,892,893,
917,893,894,
917,894,916,
885,884,926,
885,926,925,
885,925,924,
885,924,915,
885,915,895,
885,895,886,
913,914,896,
913,896,897,
913,897,905,
890,891,905,
913,921,911,
913,911,912,
913,912,915,
913,915,922,
1075,1074,1079,
1075,1079,1078,
1071,1076,1077,
1071,1077,1056,
1073,1072,1021,
1073,1021,1020,
1001,1079,1020,
1001,1020,1019,
1053,1049,1018,
1053,1018,1047,
1047,1056,1077,
1047,1077,1026,
990,989,933,
990,933,932,
942,948,954,
942,954,1032,
944,943,1031,
944,1031,1030,
1059,945,1029,
1059,1029,1042,
1061,1060,1041,
1061,1041,1040,
1063,1062,1039,
1063,1039,1038,
1066,1058,1028,
1066,1028,1037,
1068,1067,1036,
1068,1036,1035,
1070,1069,1034,
1070,1034,1033,
1064,1065,1027,
1064,1027,935,
989,988,934,
989,934,933,
1047,1018,1021,
1047,1021,1056,
1048,1052,1051,
1048,1051,1055,
1007,1045,1043,
1007,1043,1008,
1046,1022,947,
1046,947,946,
1025,1044,1047,
1025,1047,1026,
1043,1045,1046,
1043,1046,1044,
1006,1009,1024,
1006,1024,1023,
1024,1025,1026,
1024,1026,1000,
1022,1023,997,
1022,997,947,
1010,1016,1012,
1010,1012,1011,
1006,1007,1008,
1006,1008,1009,
1004,1005,995,
1004,995,994,
992,991,1002,
992,1002,1003,
972,971,996,
972,996,993,
987,949,939,
987,939,938,
984,986,937,
984,937,985,
980,982,983,
980,983,981,
976,978,979,
976,979,977,
972,974,975,
972,975,973,
967,969,970,
967,970,968,
963,965,966,
963,966,964,
959,961,962,
959,962,960,
955,957,958,
955,958,956,
948,952,953,
948,953,954,
949,950,940,
949,940,939,
146,147,138,
146,138,141,
144,145,136,
144,136,137,
142,143,140,
142,140,139,
138,56,55,
138,55,141,
138,139,61,
138,61,56,
24,114,135,
24,135,0,
101,102,116,
101,116,117,
99,100,118,
99,118,119,
97,98,120,
97,120,121,
95,96,122,
95,122,123,
111,112,126,
111,126,127,
109,110,128,
109,128,129,
107,108,130,
107,130,131,
105,106,132,
105,132,133,
103,113,93,
103,93,90,
85,89,90,
85,90,84,
86,87,92,
86,92,94,
83,84,88,
83,88,87,
76,77,89,
76,89,85,
75,69,66,
75,66,77,
72,74,76,
72,76,65,
71,72,65,
71,65,68,
69,70,67,
69,67,66,
67,68,56,
67,56,50,
140,137,81,
140,81,60,
59,82,86,
59,86,54,
57,58,53,
57,53,52,
53,54,45,
53,45,47,
50,56,57,
50,57,49,
58,57,56,
58,56,61,
32,33,3,
32,3,4,
30,31,5,
30,5,6,
28,29,7,
28,7,8,
26,27,9,
26,9,10,
43,44,13,
43,13,14,
41,42,15,
41,15,16,
39,40,17,
39,17,18,
37,38,19,
37,19,20,
23,24,0,
23,0,1,
22,23,1,
22,1,2,
36,37,20,
36,20,21,
38,39,18,
38,18,19,
40,41,16,
40,16,17,
42,43,14,
42,14,15,
44,34,12,
44,12,13,
25,26,10,
25,10,11,
27,28,8,
27,8,9,
29,30,6,
29,6,7,
31,32,4,
31,4,5,
33,22,2,
33,2,3,
25,35,49,
25,49,46,
94,45,54,
94,54,86,
52,53,47,
52,47,48,
70,69,72,
70,72,71,
64,78,82,
64,82,59,
66,67,50,
66,50,51,
68,65,55,
68,55,56,
70,71,68,
70,68,67,
74,75,77,
74,77,76,
65,76,85,
65,85,55,
77,66,51,
77,51,89,
69,75,74,
69,74,72,
87,88,91,
87,91,92,
85,81,137,
85,137,136,
115,105,133,
115,133,134,
106,107,131,
106,131,132,
108,109,129,
108,129,130,
110,111,127,
110,127,128,
112,113,125,
112,125,126,
104,95,123,
104,123,124,
96,97,121,
96,121,122,
98,99,119,
98,119,120,
100,101,117,
100,117,118,
102,36,21,
102,21,116,
114,115,134,
114,134,135,
85,136,141,
85,141,55,
84,83,81,
84,81,85,
61,139,140,
61,140,60,
143,144,137,
143,137,140,
145,146,141,
145,141,136,
147,142,139,
147,139,138,
950,951,941,
950,941,940,
952,955,956,
952,956,953,
957,959,960,
957,960,958,
961,963,964,
961,964,962,
965,967,968,
965,968,966,
974,976,977,
974,977,975,
978,980,981,
978,981,979,
982,984,985,
982,985,983,
986,987,938,
986,938,937,
998,999,1000,
998,1000,1001,
997,1000,999,
997,999,996,
1005,1002,991,
1005,991,995,
999,998,1005,
999,1005,1004,
1011,1012,1003,
1011,1003,1002,
1020,1021,1018,
1020,1018,1019,
1023,1024,1000,
1023,1000,997,
1007,1006,1023,
1007,1023,1022,
1009,1008,1025,
1009,1025,1024,
1008,1043,1044,
1008,1044,1025,
1045,1007,1022,
1045,1022,1046,
1044,1046,946,
1044,946,1047,
1049,1053,1052,
1049,1052,1048,
1003,1048,1055,
1003,1055,992,
1047,946,1054,
1047,1054,1053,
1057,1058,1050,
1057,1050,1054,
988,1064,935,
988,935,934,
1065,1070,1033,
1065,1033,1027,
1069,1068,1035,
1069,1035,1034,
1067,1066,1037,
1067,1037,1036,
1062,1061,1040,
1062,1040,1039,
1060,1059,1042,
1060,1042,1041,
945,944,1030,
945,1030,1029,
943,942,1032,
943,1032,1031,
951,990,932,
951,932,941,
1078,1079,1001,
1078,1001,1000,
1078,1000,1026,
1078,1026,1077,
1074,1073,1020,
1074,1020,1079,
1072,1071,1056,
1072,1056,1021,
1076,1075,1078,
1076,1078,1077,
490,164,165,
490,165,492,
151,524,577,
151,577,150,
539,576,548,
539,548,538,
524,519,575,
524,575,577,
576,533,541,
576,541,548,
519,516,529,
519,529,575,
536,571,155,
536,155,154,
156,514,572,
156,572,157,
158,573,574,
158,574,159,
161,382,411,
161,411,162,
549,551,536,
549,536,537,
570,417,411,
570,411,382,
567,569,383,
567,383,574,
572,496,565,
572,565,573,
571,558,513,
571,513,515,
424,417,570,
424,570,562,
568,566,499,
568,499,501,
565,564,566,
565,566,567,
495,563,498,
495,498,494,
508,563,495,
508,495,510,
424,562,503,
424,503,436,
561,506,504,
561,504,560,
500,561,560,
500,560,502,
554,448,442,
554,442,559,
505,507,556,
505,556,559,
509,511,557,
509,557,555,
513,558,557,
513,557,511,
555,557,550,
555,550,552,
544,456,448,
544,448,554,
552,546,545,
552,545,553,
551,549,547,
551,547,550,
541,540,546,
541,546,547,
542,543,544,
542,544,545,
543,535,462,
543,462,461,
540,532,534,
540,534,542,
538,537,153,
538,153,148,
537,536,154,
537,154,153,
534,530,531,
534,531,535,
533,529,528,
533,528,532,
530,522,520,
530,520,531,
529,516,517,
529,517,528,
521,523,526,
521,526,525,
482,489,527,
482,527,484,
164,490,488,
164,488,163,
491,493,525,
491,525,526,
165,166,481,
165,481,492,
483,487,519,
483,519,524,
523,521,520,
523,520,522,
487,486,516,
487,516,519,
168,515,514,
168,514,156,
513,511,510,
513,510,512,
509,507,506,
509,506,508,
505,443,437,
505,437,504,
503,501,500,
503,500,502,
499,497,494,
499,494,498,
480,493,492,
480,492,481,
491,489,488,
491,488,490,
475,476,477,
475,477,388,
479,480,481,
479,481,478,
429,425,430,
429,430,431,
443,444,440,
443,440,437,
449,452,434,
449,434,435,
422,405,407,
422,407,421,
400,401,399,
400,399,470,
471,472,469,
471,469,468,
394,387,386,
394,386,393,
166,171,478,
166,478,481,
473,479,476,
473,476,402,
172,181,388,
172,388,477,
402,400,472,
402,472,473,
399,398,467,
399,467,470,
469,466,465,
469,465,468,
467,464,463,
467,463,466,
403,412,180,
403,180,179,
412,390,185,
412,185,180,
464,459,460,
464,460,463,
461,460,455,
461,455,456,
459,396,458,
459,458,457,
413,414,453,
413,453,458,
457,454,447,
457,447,455,
447,454,450,
447,450,441,
453,414,415,
453,415,451,
420,432,434,
420,434,421,
450,449,444,
450,444,441,
438,439,445,
438,445,446,
444,443,442,
444,442,441,
440,439,438,
440,438,437,
433,435,434,
433,434,432,
425,429,428,
425,428,427,
418,416,423,
418,423,427,
417,424,423,
417,423,416,
421,407,406,
421,406,420,
408,409,418,
408,418,419,
417,416,410,
417,410,411,
414,413,412,
414,412,403,
410,173,162,
410,162,411,
408,175,174,
408,174,409,
407,177,176,
407,176,406,
404,403,179,
404,179,178,
399,393,392,
399,392,398,
397,391,389,
397,389,396,
393,386,385,
393,385,392,
391,384,390,
391,390,389,
386,182,183,
386,183,385,
160,383,382,
160,382,161,
149,380,379,
149,379,150,
167,282,377,
167,377,152,
380,375,374,
380,374,379,
375,370,369,
375,369,374,
286,284,367,
286,367,372,
168,275,364,
168,364,155,
158,361,362,
158,362,157,
160,359,360,
160,360,159,
381,366,356,
381,356,376,
355,365,364,
355,364,354,
359,358,352,
359,352,351,
350,349,361,
350,361,360,
362,348,347,
362,347,363,
351,352,346,
351,346,345,
345,346,271,
345,271,272,
345,340,350,
345,350,351,
339,340,273,
339,273,274,
333,336,335,
333,335,334,
341,342,335,
341,335,336,
330,329,328,
330,328,327,
326,325,280,
326,280,281,
343,331,330,
343,330,327,
323,322,321,
323,321,325,
321,320,277,
321,277,279,
332,347,348,
332,348,337,
354,319,318,
354,318,355,
320,321,322,
320,322,317,
315,314,322,
315,322,323,
317,313,312,
317,312,318,
312,371,376,
312,376,356,
313,314,310,
313,310,311,
315,316,308,
315,308,309,
309,306,305,
309,305,310,
311,304,370,
311,370,371,
381,380,149,
381,149,148,
307,303,302,
307,302,306,
305,301,300,
305,300,304,
303,299,298,
303,298,302,
301,297,296,
301,296,300,
287,288,295,
287,295,294,
293,367,284,
293,284,285,
377,292,163,
377,163,152,
367,293,267,
367,267,266,
294,295,269,
294,269,268,
151,378,282,
151,282,167,
296,297,285,
296,285,284,
298,299,288,
298,288,287,
368,296,284,
368,284,286,
363,347,276,
363,276,275,
332,333,277,
332,277,278,
334,328,280,
334,280,279,
342,341,273,
342,273,272,
338,337,348,
338,348,274,
290,291,267,
290,267,268,
292,377,265,
292,265,266,
247,248,262,
247,262,263,
223,222,259,
223,259,215,
219,218,261,
219,261,260,
227,225,256,
227,256,254,
226,216,257,
226,257,255,
204,177,169,
204,169,258,
199,194,252,
199,252,250,
244,245,251,
244,251,249,
189,182,170,
189,170,253,
295,246,262,
295,262,269,
171,248,247,
171,247,172,
200,195,264,
200,264,263,
288,249,246,
288,246,295,
244,242,243,
244,243,245,
243,241,197,
243,197,198,
303,307,240,
303,240,242,
187,186,185,
187,185,184,
241,238,196,
241,196,197,
307,308,239,
307,239,240,
236,238,239,
236,239,235,
196,237,209,
196,209,191,
236,234,233,
236,233,237,
324,230,235,
324,235,316,
233,234,231,
233,231,232,
232,255,257,
232,257,211,
232,231,256,
232,256,255,
326,229,230,
326,230,324,
219,224,228,
219,228,218,
224,225,227,
224,227,228,
261,270,344,
261,344,217,
219,222,223,
219,223,224,
220,213,214,
220,214,221,
260,261,217,
260,217,220,
257,258,203,
257,203,211,
214,206,205,
214,205,215,
208,207,213,
208,213,212,
202,210,211,
202,211,203,
201,186,191,
201,191,209,
174,207,208,
174,208,173,
206,175,176,
206,176,205,
258,169,178,
258,178,203,
251,250,195,
251,195,200,
197,192,193,
197,193,198,
192,187,188,
192,188,193,
253,170,181,
253,181,190,
187,184,183,
187,183,188,
161,358,359,
161,359,160,
188,183,182,
188,182,189,
191,186,187,
191,187,192,
193,188,189,
193,189,194,
196,191,192,
196,192,197,
198,193,194,
198,194,199,
178,179,202,
178,202,203,
205,176,177,
205,177,204,
207,174,175,
207,175,206,
357,162,173,
357,173,208,
202,201,209,
202,209,210,
357,208,212,
357,212,353,
214,213,207,
214,207,206,
215,205,204,
215,204,216,
212,217,344,
212,344,353,
220,217,212,
220,212,213,
220,221,259,
220,259,260,
223,226,225,
223,225,224,
329,330,228,
329,228,227,
229,326,281,
229,281,254,
331,218,228,
331,228,330,
229,254,256,
229,256,231,
216,226,223,
216,223,215,
232,211,210,
232,210,233,
229,231,234,
229,234,230,
235,230,234,
235,234,236,
237,233,210,
237,210,209,
236,237,196,
236,196,238,
316,235,239,
316,239,308,
240,239,238,
240,238,241,
180,185,186,
180,186,201,
179,180,201,
179,201,202,
242,240,241,
242,241,243,
299,303,242,
299,242,244,
245,243,198,
245,198,199,
246,249,251,
246,251,200,
247,190,181,
247,181,172,
200,263,262,
200,262,246,
289,248,171,
289,171,166,
194,189,253,
194,253,252,
299,244,249,
299,249,288,
245,199,250,
245,250,251,
216,204,258,
216,258,257,
225,226,255,
225,255,256,
329,227,254,
329,254,281,
222,219,260,
222,260,259,
248,289,269,
248,269,262,
190,247,263,
190,263,264,
291,292,266,
291,266,267,
289,290,268,
289,268,269,
341,338,274,
341,274,273,
343,342,272,
343,272,271,
328,329,281,
328,281,280,
333,334,279,
333,279,277,
347,332,278,
347,278,276,
156,363,275,
156,275,168,
373,368,286,
373,286,283,
297,298,287,
297,287,285,
378,373,283,
378,283,282,
290,289,166,
290,166,165,
293,294,268,
293,268,267,
163,292,291,
163,291,164,
372,367,266,
372,266,265,
294,293,285,
294,285,287,
300,296,368,
300,368,369,
302,298,297,
302,297,301,
304,300,369,
304,369,370,
306,302,301,
306,301,305,
153,154,365,
153,365,366,
148,153,366,
148,366,381,
310,305,304,
310,304,311,
308,307,306,
308,306,309,
314,315,309,
314,309,310,
312,313,311,
312,311,371,
318,312,356,
318,356,355,
322,314,313,
322,313,317,
323,324,316,
323,316,315,
317,318,319,
317,319,320,
278,319,354,
278,354,276,
320,319,278,
320,278,277,
325,321,279,
325,279,280,
325,326,324,
325,324,323,
343,327,335,
343,335,342,
327,328,334,
327,334,335,
270,271,346,
270,346,344,
332,337,336,
332,336,333,
338,341,336,
338,336,337,
350,340,339,
350,339,349,
272,273,340,
272,340,345,
346,352,353,
346,353,344,
275,276,354,
275,354,364,
361,349,348,
361,348,362,
360,359,351,
360,351,350,
358,357,353,
358,353,352,
366,365,355,
366,355,356,
162,357,358,
162,358,161,
159,360,361,
159,361,158,
157,362,363,
157,363,156,
154,155,364,
154,364,365,
374,369,368,
374,368,373,
376,371,370,
376,370,375,
379,374,373,
379,373,378,
381,376,375,
381,375,380,
150,379,378,
150,378,151,
290,165,164,
290,164,291,
385,183,184,
385,184,384,
388,181,170,
388,170,387,
392,385,384,
392,384,391,
398,392,391,
398,391,397,
402,395,401,
402,401,400,
404,178,169,
404,169,405,
406,176,175,
406,175,408,
173,410,409,
173,409,174,
413,389,390,
413,390,412,
404,415,414,
404,414,403,
416,418,409,
416,409,410,
420,406,408,
420,408,419,
415,404,405,
415,405,422,
427,423,426,
427,426,425,
428,419,418,
428,418,427,
433,432,431,
433,431,430,
423,424,436,
423,436,426,
439,440,435,
439,435,433,
445,439,433,
445,433,430,
448,447,441,
448,441,442,
452,449,450,
452,450,451,
415,422,452,
415,452,451,
451,450,454,
451,454,453,
456,455,447,
456,447,448,
458,453,454,
458,454,457,
389,413,458,
389,458,396,
455,460,459,
455,459,457,
463,460,461,
463,461,462,
397,396,459,
397,459,464,
184,185,390,
184,390,384,
466,463,462,
466,462,465,
398,397,464,
398,464,467,
470,467,466,
470,466,469,
474,473,472,
474,472,471,
476,475,395,
476,395,402,
172,477,478,
172,478,171,
480,479,473,
480,473,474,
387,170,182,
387,182,386,
472,400,470,
472,470,469,
401,394,393,
401,393,399,
405,169,177,
405,177,407,
452,422,421,
452,421,434,
444,449,435,
444,435,440,
425,426,445,
425,445,430,
420,429,431,
420,431,432,
476,479,478,
476,478,477,
489,482,485,
489,485,488,
493,491,490,
493,490,492,
497,496,495,
497,495,494,
501,499,498,
501,498,500,
507,505,504,
507,504,506,
511,509,508,
511,508,510,
515,513,512,
515,512,514,
486,518,517,
486,517,516,
521,471,468,
521,468,520,
518,523,522,
518,522,517,
167,483,524,
167,524,151,
493,480,474,
493,474,525,
489,491,526,
489,526,527,
152,163,488,
152,488,485,
523,518,527,
523,527,526,
525,474,471,
525,471,521,
528,517,522,
528,522,530,
531,520,468,
531,468,465,
532,528,530,
532,530,534,
535,531,465,
535,465,462,
148,149,539,
148,539,538,
541,533,532,
541,532,540,
542,534,535,
542,535,543,
543,461,456,
543,456,544,
540,542,545,
540,545,546,
549,548,541,
549,541,547,
550,547,546,
550,546,552,
554,553,545,
554,545,544,
552,553,556,
552,556,555,
551,550,557,
551,557,558,
495,496,512,
495,512,510,
507,509,555,
507,555,556,
559,556,553,
559,553,554,
560,438,446,
560,446,502,
443,505,559,
443,559,442,
560,504,437,
560,437,438,
563,561,500,
563,500,498,
506,561,563,
506,563,508,
497,499,566,
497,566,564,
569,567,566,
569,566,568,
501,503,562,
501,562,568,
568,562,570,
568,570,569,
514,512,496,
514,496,572,
574,573,565,
574,565,567,
569,570,382,
569,382,383,
558,571,536,
558,536,551,
548,549,537,
548,537,538,
159,574,383,
159,383,160,
157,572,573,
157,573,158,
155,571,515,
155,515,168,
484,527,518,
484,518,486,
575,529,533,
575,533,576,
577,575,576,
577,576,539,
152,485,483,
152,483,167,
150,577,539,
150,539,149,
840,843,842,
840,842,841,
838,845,844,
838,844,839,
836,847,846,
836,846,837,
829,828,831,
829,831,830,
830,831,825,
830,825,824,
833,834,816,
833,816,823,
805,804,818,
805,818,817,
827,826,820,
827,820,819,
828,829,822,
828,822,821,
824,825,826,
824,826,827,
801,800,811,
801,811,814,
797,796,809,
797,809,815,
803,802,812,
803,812,808,
804,805,806,
804,806,807,
796,797,798,
796,798,799,
622,628,629,
622,629,623,
620,626,627,
620,627,621,
618,624,625,
618,625,619,
603,602,615,
603,615,616,
616,615,614,
616,614,617,
608,609,594,
608,594,601,
606,607,598,
606,598,595,
604,605,596,
604,596,599,
602,603,600,
602,600,597,
617,614,605,
617,605,604,
584,585,586,
584,586,589,
580,581,592,
580,592,591,
582,583,590,
582,590,593,
607,606,613,
607,613,610,
581,580,579,
581,579,578,
585,584,583,
585,583,582,
587,588,589,
587,589,586,
593,590,591,
593,591,592,
578,579,588,
578,588,587,
600,599,598,
600,598,601,
612,611,610,
612,610,613,
609,608,611,
609,611,612,
619,625,626,
619,626,620,
621,627,628,
621,628,622,
623,629,624,
623,624,618,
800,801,802,
800,802,803,
810,813,814,
810,814,811,
808,812,815,
808,815,809,
799,798,813,
799,813,810,
822,819,818,
822,818,823,
835,832,807,
835,807,806,
834,833,832,
834,832,835,
837,846,845,
837,845,838,
839,844,843,
839,843,840,
841,842,847,
841,847,836,
759,750,751,
759,751,758,
719,720,789,
719,789,790,
721,722,787,
721,787,788,
723,724,785,
723,785,786,
761,748,749,
761,749,760,
780,781,784,
780,784,783,
778,779,782,
778,782,794,
776,777,793,
776,793,792,
773,774,790,
773,790,789,
771,772,788,
771,788,787,
769,770,786,
769,786,785,
770,769,781,
770,781,771,
772,780,779,
772,779,773,
794,782,766,
794,766,765,
783,784,768,
783,768,767,
759,758,764,
759,764,765,
747,748,761,
747,761,762,
756,757,754,
756,754,755,
751,745,753,
751,753,752,
751,750,744,
751,744,745,
725,726,742,
725,742,741,
727,715,744,
727,744,743,
729,737,736,
729,736,730,
740,739,738,
740,738,728,
739,740,724,
739,724,723,
737,738,722,
737,722,721,
735,736,720,
735,720,719,
732,733,717,
732,717,716,
730,731,715,
730,715,727,
728,729,726,
728,726,725,
746,795,754,
746,754,753,
695,694,693,
695,693,696,
683,684,678,
683,678,677,
698,699,702,
698,702,701,
696,697,714,
696,714,713,
693,694,711,
693,711,710,
691,692,709,
691,709,708,
689,690,707,
689,707,706,
687,688,705,
687,705,704,
689,688,700,
689,700,690,
690,700,699,
690,699,691,
713,714,683,
713,683,682,
701,702,685,
701,685,684,
703,725,741,
703,741,686,
679,678,684,
679,684,685,
685,686,680,
685,680,679,
675,670,673,
675,673,674,
669,663,672,
669,672,671,
677,678,667,
677,667,668,
659,660,666,
659,666,665,
667,666,660,
667,660,661,
784,642,659,
784,659,768,
643,644,661,
643,661,660,
631,632,663,
631,663,662,
645,655,654,
645,654,646,
657,656,655,
657,655,645,
657,658,641,
657,641,640,
655,656,639,
655,639,638,
653,654,637,
653,637,636,
651,652,635,
651,635,634,
648,649,632,
648,632,631,
646,647,644,
646,644,643,
661,662,668,
661,668,667,
747,762,665,
747,665,680,
705,706,639,
705,639,640,
707,708,637,
707,637,638,
709,710,635,
709,635,636,
677,668,669,
677,669,676,
651,650,649,
651,649,652,
664,630,673,
664,673,672,
710,711,634,
710,634,635,
708,709,636,
708,636,637,
706,707,638,
706,638,639,
704,705,640,
704,640,641,
679,666,667,
679,667,678,
645,646,643,
645,643,642,
647,648,631,
647,631,644,
649,650,633,
649,633,632,
652,653,636,
652,636,635,
654,655,638,
654,638,637,
656,657,640,
656,640,639,
784,781,645,
784,645,642,
646,654,653,
646,653,647,
644,631,662,
644,662,661,
642,643,660,
642,660,659,
665,762,768,
665,768,659,
669,668,662,
669,662,663,
679,680,665,
679,665,666,
670,671,672,
670,672,673,
682,676,675,
682,675,674,
677,676,682,
677,682,683,
747,680,686,
747,686,741,
702,703,686,
702,686,685,
714,701,684,
714,684,683,
691,699,698,
691,698,692,
700,728,725,
700,725,703,
688,689,706,
688,706,705,
690,691,708,
690,708,707,
692,693,710,
692,710,709,
695,696,713,
695,713,712,
697,698,701,
697,701,714,
699,700,703,
699,703,702,
630,681,674,
630,674,673,
734,733,732,
734,732,735,
743,744,750,
743,750,749,
729,730,727,
729,727,726,
731,732,716,
731,716,715,
734,735,719,
734,719,718,
736,737,721,
736,721,720,
738,739,723,
738,723,722,
740,687,704,
740,704,724,
728,738,737,
728,737,729,
715,716,745,
715,745,744,
726,727,743,
726,743,742,
749,748,742,
749,742,743,
741,742,748,
741,748,747,
757,752,753,
757,753,754,
764,758,756,
764,756,755,
749,750,759,
749,759,760,
767,768,762,
767,762,761,
761,760,766,
761,766,767,
782,783,767,
782,767,766,
793,794,765,
793,765,764,
771,781,780,
771,780,772,
658,769,785,
658,785,641,
770,771,787,
770,787,786,
772,773,789,
772,789,788,
774,775,791,
774,791,790,
777,778,794,
777,794,793,
779,780,783,
779,783,782,
765,766,760,
765,760,759,
724,704,641,
724,641,785,
722,723,786,
722,786,787,
720,721,788,
720,788,789,
718,719,790,
718,790,791,
795,763,755,
795,755,754,
776,775,774,
776,774,777,
925,926,931,
925,931,930,
923,924,929,
923,929,928,
913,922,927,
913,927,914,
910,911,921,
910,921,920,
908,909,919,
908,919,918,
906,907,917,
906,917,916,
897,889,890,
897,890,905,
904,906,916,
904,916,894,
902,903,893,
902,893,892,
900,901,891,
900,891,890,
887,888,883,
887,883,882,
885,886,881,
885,881,880,
926,884,879,
926,879,931,
888,887,886,
888,886,895,
877,878,870,
877,870,869,
875,876,873,
875,873,872,
873,869,864,
873,864,867,
871,872,866,
871,866,865,
869,870,868,
869,868,864,
854,855,856,
854,856,859,
850,851,862,
850,862,861,
852,853,860,
852,860,863,
855,854,853,
855,853,852,
851,850,849,
851,849,848,
857,858,859,
857,859,856,
863,860,861,
863,861,862,
848,849,858,
848,858,857,
865,866,853,
865,853,854,
867,864,849,
867,849,850,
849,864,868,
849,868,858,
870,871,865,
870,865,868,
872,873,867,
872,867,866,
874,875,872,
874,872,871,
876,877,869,
876,869,873,
878,874,871,
878,871,870,
884,885,880,
884,880,879,
886,887,882,
886,882,881,
888,897,896,
888,896,883,
915,912,898,
915,898,895,
899,900,890,
899,890,889,
901,902,892,
901,892,891,
903,904,894,
903,894,893,
921,913,905,
921,905,920,
907,908,918,
907,918,917,
909,910,920,
909,920,919,
922,923,928,
922,928,927,
924,925,930,
924,930,929,
923,922,915,
923,915,924,
