31.0917188424,-9.78456194506,-47.5790505158,
-82.7840112895,12.8710155881,2.72340708227,
4.98947418204,-14.7085316751,54.8120887604,
94.6960434896,29.6065774447,2.4403808989,
-4.91337272013,48.7857831391,0.618845632144,
-28.8796946676,-38.9352414556,-9.29468136439,
52.5895530496,-23.1339070904,11.7917354451,
-24.8995324046,11.8801267171,-43.2191215401,
-35.3588483306,13.6243820866,32.1863903299,
32.2433333529,24.2954998689,30.6474308132,
37.1945009132,30.384227884,-19.7983189014,
18.9124749981,-39.5250323478,-14.2993686533,
-8.81499860445,-29.5534108582,-48.2502129366,
-30.1759819711,-31.2065258069,34.0067791117,
-41.6408438141,26.037465373,-7.41707857684,
17.8027275971,-38.8379788445,26.1842943495,
-51.3189111302,-9.45805142957,-21.9133458532,
71.2509632816,1.85684642397,-11.2059348676,
-3.27103857935,30.7917925495,38.6266049633,
8.97881928066,26.3930569262,-43.0505580672,
-52.8389262479,-11.8064070047,13.4575790285,
37.1715406495,-12.2974954551,41.659081217,
48.8498764397,-25.5733264247,-22.1397997299,
0.583128799836,-0.593726624734,-55.5484437379,
48.2215692522,15.5432366793,4.71080558068,
-14.3489628543,31.9711514377,-22.8547630062,
20.1956964479,33.1092353671,4.27215472752,
-7.43556789096,-39.6442444239,11.1133075438,
46.9058382337,3.26488209002,-26.6742433148,
-35.1018247974,-28.1560943912,-36.6105598716,
-22.1516650297,-8.37170016774,50.0287352909,
-22.1645408016,31.6695422674,15.1093888028,
17.6374276248,-34.3441306561,-41.5850947848,
14.43203943,9.92770713346,47.078548374,
-6.08625602191,-39.4810304338,-23.8610348287,
-71.5590867008,-9.66708765142,-6.06924402735,
-3.74156274437,-36.7287388552,39.9379203101,
-41.0083281512,-33.7269840525,11.6536408368,
49.1483067977,-0.964617395889,23.3915526377,
34.5226510387,-38.6714672644,4.56043411686,
10.0523588315,33.2779824233,-17.9360280506,
-25.2915522479,-11.4391371871,-50.5891020774,
29.2864722424,12.9038962991,-40.8913068712,
-46.6526010307,12.373346628,10.908128158,
75.2745744847,17.471505067,5.32348262904,
-42.3711589019,-8.29989308231,33.7143480415,
-8.41850408314,10.3021107279,47.7822397353,
67.8533504641,-4.722600046,10.3519887795,
-42.0112230221,10.744675067,-26.5813105458,
-63.573494782,23.2331908074,-2.67609082461,
1.41878320725,33.5920168236,16.2814909866,
-49.3807226111,-26.7268106241,-7.56992407001,
39.5386753463,-29.6021310151,27.8118375557,
18.3877919498,-28.9934694451,45.1188585769,
56.3214991324,-12.7230960703,-7.02306838288,
10.1671771886,-19.3394837055,-54.7855424464,
12.8411615443,-39.6571042107,5.99836453625,
-53.2008287411,-0.578367865013,-3.40131551889,
36.9814519169,-26.4345203105,-38.2075331684,
-39.943015027,-4.92694784929,-38.8258337013,
-11.2940420968,26.0942398084,-42.4049556122,
37.5075924002,29.8308211569,12.6985260799,
32.9374954382,6.87429257148,39.2001832592,
-19.8775556823,32.9586322136,-4.29743313361,
-33.7466883207,28.1328250225,-25.1258314261,
-21.3487756513,27.6792203359,34.9511623514,
15.2563001669,30.1891841104,37.4137582717,
25.2617946997,30.080799149,-33.8768014753,
21.2937420814,-7.18583221279,50.8308993275,
35.100552145,-37.3017547221,-22.8654053378,
-14.6982406993,-24.7798786348,48.8403398707,
49.0580591274,-29.6734003487,-4.5580399969,
52.1743097329,4.53161477633,-9.12588561363,
-9.89400529377,-39.6884892003,-6.53291237344,
17.9483959282,1.4154689497,-51.6048355754,
-24.9256751713,-38.7931156464,19.2073304667,
-38.4814203375,30.207221506,9.26867426751,
-44.0620902789,-24.4769444909,26.1167800739,
-25.232627549,-38.5749365515,-26.0674814754,
46.7423057313,-12.5665754232,-32.8091415097,
42.6459563958,28.6945106959,-4.06223983176,
-45.7587551575,-25.950929549,-23.7506224792,
-9.80774300849,-13.4250036436,-55.7518425638,
44.1021892988,15.1352311066,20.4947623909,
-8.97328788533,11.0516646543,-49.5774232353,
50.5554481296,-1.96942374976,7.40446940924,
20.8972219456,31.2760323461,21.8467647469,
0.989236645973,-38.1502172285,-39.070276448,
-4.31528586185,34.9818925043,-10.8514582029,
49.2448438366,-16.6006819644,26.151735728,
82.7510998761,25.0136972892,-6.83738221769,
-32.4828405968,-18.244165479,42.7406102265,
1.97646349944,-39.4043959885,23.7967365271,
-24.2384227397,6.0712429178,44.2849730534,
9.42166845557,46.7182879157,-5.0751957446,
-7.43249656738,-4.71831819604,52.9370601171,
-21.162670934,-39.5201048018,4.11347589273,
-47.0669580408,12.2758160367,-11.2307053122,
45.9746687261,16.8806433077,-15.4927605928,
-44.6644999926,4.07408729633,24.8866235297,
6.37083480523,13.0768778488,-49.5781893461,
-75.9073608567,-0.749731138008,5.2041282209,
4.61170786066,-39.7308464631,-9.68020676495,
-10.3699466198,31.5958119789,25.6415183685,
-61.1691815067,-18.1481171197,0.105658208019,
23.8518306406,32.133313534,-12.8234849022,
12.2092746076,-39.0474770622,-28.7062305755,
38.5745315502,0.414651205402,-40.0627655377,
-14.7930143487,-37.7217570464,-37.6006379764,
37.6412446563,18.1714654932,-30.0396195341,
-14.9002615935,-38.606482281,30.6380939663,
23.6357229326,-23.7657147154,-49.6205570465,
-22.9601444604,-27.3246074022,-45.6520893172,
-35.0521422966,25.9634414167,22.7557818921,
69.9827911947,-12.064225987,-2.13112921629,
-10.5015463083,34.1814514727,6.64293821132,
4.9190632033,20.5149576503,44.3850141192,
65.7574262535,6.36690452697,1.50343564076,
-1.66768394048,31.611246425,-29.4919488865,
-0.27398409505,-27.1883473042,49.7994617561,
53.2416744098,-9.02121753489,-20.3216930679,
-22.3620201207,30.1661558039,-34.6356369732,
31.8401100307,-38.1673078589,19.7260978889,
30.8593896515,-27.8323817987,38.7895295822,
-17.732494093,0.458618228972,-51.6110809727,
-41.1902506968,-36.3427454618,-1.9471647931,
37.721633169,-38.0383471556,-8.83561397393,
6.93048575836,36.0327073218,4.12883667926,
-50.0778492078,23.1961236538,2.74400866365,
-45.1829881016,-15.5309819756,-32.4526283149,
23.3784641577,17.3237704026,40.4448306755,
43.0561900183,-33.025910416,13.1303639029,
-32.6879416988,-4.91972382651,42.4752184756,
-50.9155954883,-23.9654217167,8.54933790554,
-80.1140289199,3.24008806881,-6.6663175496,
5.1287601492,1.83367087372,51.7924755686,
4.51492549971,-29.815726216,-49.1245028635,
-39.2625473661,-35.0101176972,-16.7766895468,
12.2047948712,31.0634373239,-30.7173072108,
9.17712686615,-37.465993866,37.8243134843,
72.1937338082,15.3787764934,-7.19736862581,
-54.1850020233,-13.4908421599,-9.90260704641,
-32.7825537156,18.9043211514,-34.2089154903,
-12.5911185466,21.4781848097,42.0915220257,
-75.4565651778,17.0216205223,-6.98888588695,
26.9737825193,-36.9583181241,-33.1605923207,
-30.2010049499,30.733770237,-11.5741149098,
42.7310489961,-3.41779092135,34.3043949387,
-36.4276102007,7.29534567895,-37.4612040111,
78.4259090112,6.2041273428,0.660188748937,
-37.1926036629,-17.0988567898,-42.1621457495,
24.0579596425,-39.5135450698,-2.23650336485,
-18.2390707581,-39.4630427147,-15.7459835795,
8.21641698061,31.5798486582,26.4816949067,
-49.2040573658,2.41325368118,-19.0226976133,
18.1254175894,18.3088146614,-45.0252205018,
-29.5205198237,0.41083016671,-45.0115301789,
26.0442880085,-19.733384135,47.6971416564,
60.4898187253,-14.7005040461,7.64667974715,
-51.0438662926,1.03799366965,9.61277372719,
30.8770960206,31.3882100817,-1.32884180705,
4.95850492329,48.0948679039,7.58917752209,
13.0565973397,34.3072193655,-5.93025320815,
-48.9493057476,-7.29155085468,23.6667780178,
23.1170857153,-39.3336205746,11.7517562185,
28.3805204344,2.30139483804,-46.2036385061,
-18.8761654954,-32.4606828903,39.8530270132,
37.6364772537,13.9060222697,31.0594571728,
-71.4611557477,19.5830805684,5.16799258874,
21.4867961532,-12.5247422093,-53.6635442481,
-24.7255726539,16.4178797008,38.8853601803,
-35.3561568783,-33.4594127636,23.809077018,
0.0667818561461,-39.821764979,2.2168401218,
-1.53747828363,21.089595627,-46.6719085536,
10.8945639832,-7.1072795872,-55.090689877,
63.7012418613,-6.57983447625,-13.67210419,
-41.2765868521,21.5286140506,-19.3444902084,
-40.8470836153,16.1008048515,22.16464775,
23.8056906377,3.40072121245,46.6521462282,
-38.7047692904,2.69203912544,34.537499224,
-2.1644673703,-22.7776728586,-55.1016462914,
49.659292389,7.51077847904,14.328100553,
15.4233637201,-17.8320765657,51.9288511345,
-27.4787419525,31.4856769456,5.22320466005,
12.9140680108,33.2218607757,14.2071625348,
-0.325700730666,47.8588612312,-10.5104602731,
53.7575315508,-8.99979375052,15.4797103513,
-66.8317801461,-9.59943941629,4.5075270494,
-8.46031643261,-16.6917738762,53.2759813042,
83.1959190465,26.3356733664,4.16623177867,
42.5807179281,-19.1383690718,34.9246082175,
53.4398784658,-21.5037516308,-12.9680155144,
-25.4835647933,-33.3269558938,-36.5032004549,
21.2823906766,31.2723860681,-23.8284744942,
-40.6638322857,-19.4943474752,35.139352295,
-44.5563243509,-0.821473984896,-29.9079618638,
40.7850119546,-15.7250948372,-41.2991690409,
21.8945027666,-35.4030939549,35.5544834139,
32.4125256921,31.1249394245,22.3030372498,
55.09872022,-22.260459751,1.3408114039,
-49.0647419444,11.5397881818,0.445476200833,
-17.0583757065,-20.7754866336,-52.7182762919,
-54.7588660069,-9.85153497598,2.51984897048,
3.65334620282,-39.6597726669,12.3082691189,
44.5527430227,-31.8565496829,-14.606450919,
-31.7562588616,-38.7424130692,5.40804668731,
-36.2675311195,-32.3344184562,-26.8444158446,
-53.6367313406,19.6067979814,-6.63562131089,
-8.91462391963,-39.4433835224,21.5442019725,
2.16108862451,-13.0790088612,-57.5474621864,
40.7474890027,-29.8685600756,-27.6768630307,
13.7094649233,-39.5325680216,16.6040545631,
55.9193321038,-3.42229016403,-2.44313451244,
30.9211667742,-35.2864979162,29.6392178678,
-23.4828722673,-18.4434094874,48.7019691943,
-51.1363485787,-21.433276712,-16.3111374988,
-25.329876735,28.5979957073,24.5206442129,
40.1653510964,8.81932953615,-33.2388903543,
-23.2128904031,21.2552382511,-39.4802880497,
2.54690718447,11.2344263824,48.8824766041,
-1.64831474505,30.0954151949,-42.0531241048,
9.78485676538,-39.5688707561,-18.6585385084,
14.0000674919,-39.6588200873,-5.49521644835,
49.2779419133,13.540759411,-5.78966067019,
14.2875966242,-27.3989164449,-49.4114832589,
43.9574552992,22.3106959404,10.7128927083,
27.4219291863,31.5411981849,10.9728856662,
26.7226265972,-30.3223776918,-40.856599972,
-23.8756192875,31.2039193227,-19.2508847256,
-50.4403584955,-19.2080940429,20.5894574416,
-34.2184632336,29.4394214337,-1.80811339953,
10.3764638249,-6.48491414487,52.9005810051,
49.2438752672,-4.72552426416,-12.4040130833,
43.8109978371,7.48910439443,26.5542895088,
-15.350146817,-38.9724757035,-26.8241646824,
-4.70193512444,38.2824235065,-1.711547324,
8.61733816592,-29.3897585191,46.5903966918,
23.926922301,25.6507376509,35.4623604621,
52.2607202769,6.57045186235,3.13132668665,
82.323373465,16.8319332957,-1.30515545104,
25.6361962678,-38.8612542022,-21.2514567949,
-16.9619987395,16.9037035171,-45.5691086801,
29.7527314933,-7.82254433334,45.9740258414,
-14.4040629333,2.86684973987,49.3178090735,
18.3116653532,27.0005731729,-40.6885311541,
-1.7457364109,33.2826934311,-19.9765857527,
14.1805673892,21.5447287653,42.0747208224,
28.4942045292,-39.0617472387,-11.2027289898,
62.4316856308,1.77882465972,-7.14967274796,
44.0376322815,-21.788744289,-33.7271993067,
-10.9922382116,32.9804059821,16.1127378008,
-24.9657623729,-37.694638957,28.6975516733,
-41.3060212706,22.7942358105,14.5782865787,
-27.0086199711,-26.4156794598,41.5713625819,
33.1443760886,-19.7923106285,-45.1427956974,
-52.3636918926,-3.81978795683,-12.6468655503,
48.8853271675,8.2552886125,-18.8976685532,
40.1743334369,23.7618109785,19.4091550162,
72.6187005615,7.66287094092,7.92526663289,
47.1643547097,-27.601777474,19.6248037008,
-13.5505418696,33.513451957,-11.4614722394,
-8.54579035763,-0.0286348626151,-53.5736091803,
75.0703829777,-2.46731362397,-0.159613846007,
1.14671051381,-39.1308215709,-29.7898024817,
-3.7028474588,-39.66459487,-13.8738788233,
49.1827930919,-29.0284559094,5.48238494521,
59.4580084412,0.538983447765,6.6841006972,
-11.9622955582,28.8445738822,36.1660399096,
-46.401492837,-30.3201796199,3.59611235738,
-72.4059349837,-0.729144945449,-3.66196924744,
25.3855053179,21.0415812618,-39.2569671808,
74.8924523052,23.9243382912,-2.24148398687,
41.9571391263,26.5777457413,-12.9530716519,
-46.5435862122,-27.7140260186,15.8012250507,
31.0569461412,28.5503132694,-26.3220777613,
20.5793658818,9.49290922429,-48.2614684414,
-28.6087430175,22.2930474187,33.0775569911,
5.5679768485,28.8160678514,37.6278267232,
-0.632421358859,8.09335657847,-52.4532166096,
90.6446887506,29.4825966083,-5.6573992394,
-45.9956000245,-15.3535598929,29.1052281323,
-4.06144781829,19.8931110227,44.5170015221,
-1.40768494804,32.0367923088,25.0140178681,
-13.4786242465,30.2817731924,-31.6236231446,
4.46983564804,36.8508861256,-5.4869955522,
42.3364660488,-36.9231722191,0.529768411754,
-59.7326091654,19.8085861429,4.66269419648,
-20.3857751762,-39.5312237987,-6.61485361186,
-10.0367736762,-31.5203135331,43.5214690369,
-17.5175500873,-8.38857544351,-53.6119041275,
51.0540293661,-16.0609852888,-25.9165377271,
-4.59194257659,-38.7666948767,31.3744138617,
-29.0654291527,-18.624829455,-47.1250197618,
34.4886912764,29.3857241738,-9.29591533656,
-41.6265366282,-24.8755197348,-31.4182872631,
-30.2514666693,9.16375158,38.7583352561,
-53.5930779497,-22.4302617831,0.322297132675,
76.9900596871,8.186998709,-7.86974086956,
1.88071685273,-6.06518905808,54.5266199227,
-2.06401442587,35.4455299378,8.11347498767,
9.58353472757,-37.5495304448,-39.6443357704,
47.5813572493,-7.87205415808,28.320039054,
43.8633800725,-4.87383405971,-35.4400693849,
34.3616298598,-1.36063605939,41.3079936843,
-49.8656876576,-0.522808287074,17.9901105896,
40.4372554833,30.7562553359,3.97741167975,
24.1744325058,-4.69129793912,-51.4684992757,
7.38820611903,-22.5232441762,52.2792477736,
-49.5131059203,-18.3256167736,-24.678934721,
-7.92301038217,-35.4857037574,-42.1325504237,
-45.606670949,-29.2816697783,-15.9115147477,
14.149270727,0.714605835346,50.3526138117,
-17.0065685079,-39.5330607118,11.5263147865,
62.0781191561,-16.7371251535,-0.448410334926,
-31.9124787318,-38.124385061,-19.6380901168,
21.30330456,32.9876825585,-4.60380398269,
8.67259925982,-38.9169546971,28.9123015986,
-34.193169792,-38.1563736494,13.8002129366,
-17.103825087,8.41786406431,-49.06612682,
-14.391252908,-10.5886724088,52.2829469635,
-45.5526297407,18.8783480354,-4.56186330023,
41.8074101636,21.9891766011,-20.6532745998,
-75.2792379942,7.5514628218,-1.38835328104,
31.7347275209,24.0748885774,-33.3262151,
-10.9238559141,-39.6798430848,3.54152456472,
-62.6122715624,-10.6265287082,-3.15095173133,
-4.22964654166,3.88741022335,51.0155436209,
-36.5456772652,30.5981310721,-17.7011174803,
-44.7837962052,14.0384961897,-19.0855303009,
44.9404134851,23.8103156476,2.18289088798,
49.6752514154,-5.58646177553,-26.9112516903,
9.8750231354,1.26721955198,-53.2441406502,
34.0021476515,-33.1342132512,-31.0767752887,
42.8040956811,13.0641536787,-26.1738094576,
36.5884975094,-20.7547999212,40.3210005434,
-37.99607986,-27.8507724586,30.4942369124,
64.9453174898,-13.1933890045,-8.50178540073,
-82.6147124413,12.9757949856,-5.45015687126,
39.4791144042,6.43229628044,33.8040203218,
69.9573249319,13.2981875019,0.506096761721,
-38.135998264,-13.0252448073,40.0069763741,
-36.7764178434,20.1593687532,-27.2022344343,
17.8546939655,29.1532676404,29.7499906748,
-19.5387018976,12.7318994879,44.1716142354,
31.4880772649,14.7180898081,36.3085093351,
-78.5224841369,19.9454909965,-0.0654642089203,
68.3154935383,8.2575399705,-6.87873927268,
17.9522060599,-38.2207190182,-34.3628604799,
51.4027454933,0.559163796693,-19.1685131522,
-34.6633853945,-8.42134364514,-43.8780235155,
-81.9519561968,3.94737546106,2.56483430229,
53.0282767059,-16.8545497134,19.0409632707,
39.4880603266,-33.1406810527,20.6509357602,
-41.9858885199,-33.6255893686,-9.3879222936,
71.2843382922,-5.87114543972,-9.35798431121,
-29.534814218,28.7588260136,17.778356771,
4.78099747524,28.6918839252,-36.7223908887,
-11.7645952482,34.3164238327,-3.77429321738,
-41.5347215542,28.06997041,0.924512018792,
68.8682450145,-11.2492010928,5.96559946658,
-53.742456937,-16.6566592385,7.27069941654,
-46.9894449451,8.33245849685,17.7032547765,
-28.6488774483,-10.7117301992,46.0203378176,
-16.765566021,-39.1283014242,21.2215826921,
-21.7651747059,29.9521678727,-26.7080720784,
21.9140996432,-39.0798796225,19.4835359662,
2.43192752617,49.3961583214,-2.01060522688,
46.7147715146,15.1723889183,13.1222196998,
-43.3694081404,21.7911391348,6.50398890938,
-50.7496859159,3.2924125858,-9.83725348497,
32.077996008,-38.746155841,11.9457615995,
55.5523059749,-8.85796622772,6.30203653992,
-22.782758,-0.959510794851,47.8002500366,
-14.9822422363,-32.579696858,-43.5375401902,
-35.2503443075,-24.1596756645,38.1523542666,
37.6062605926,-6.77022458731,-42.780791162,
-43.8124436888,19.4248655666,-12.0806856877,
-6.15270421051,28.8313932402,-35.8981812137,
-6.33626139987,44.8323815468,-6.7216546989,
-11.0692028319,-37.3445615514,37.5816298976,
26.4551158462,9.99821737739,42.0007710659,
-17.3147808618,29.5422572963,28.254765883,
-21.8041534821,32.3081688924,-11.716497369,
-1.66899593218,-20.6420834641,53.5760416664,
-2.81863475164,46.391399332,7.61368405326,
51.2917049856,-14.148756583,-13.3350852946,
42.6423568574,-11.1574710344,36.4129343677,
17.8212638297,-39.1508979974,-23.4898267934,
25.5358182624,30.913704058,30.1389605946,
10.0932011653,18.9143825075,-46.3280020471,
-5.82987786069,-6.84486110591,-55.7303782707,
-30.2586298225,-35.1977329812,-30.8302391507,
3.00338866327,-34.1427522893,42.4424725188,
-20.4120238998,-38.0354448153,-32.4342776227,
-40.1790186145,9.25289178727,28.2001062504,
-29.3201405304,-27.2518119965,-41.4630763924,
46.4548678517,20.5294044597,-4.49966308772,
17.7640857846,-20.3665453203,-53.0148599414,
-20.293143618,32.7217379007,7.23645660966,
2.4440069915,-39.5718608378,-20.4601801014,
13.2323836991,8.94316836241,-49.940505849,
49.6762921541,-20.722656862,-6.47713839157,
-44.3848107603,-2.77936756149,29.0054174558,
25.3332304185,-26.2323101122,43.9754978825,
27.604337084,30.6940629751,-19.8307066246,
-75.2013230446,-7.37135522137,1.78387050293,
56.1385334467,-1.95955030244,-11.5519313187,
33.7689888323,6.92204086879,-40.8362638456,
-68.2214004627,19.7249569671,-7.35948530948,
7.58186628531,-39.7657111595,0.702342643549,
-53.2475487707,-20.4013336045,-6.99596687201,
35.2688317392,13.6129155422,-36.5382979512,
-5.51561770262,30.2160241482,31.5730752438,
-5.37832179561,-38.7760968927,-33.3110016197,
-23.5481628298,5.23057546586,-47.2668846156,
-34.4245201764,20.78108127,27.985274614,
87.7310358422,21.8580069262,-1.06633135268,
-33.0551678528,-38.730672651,-1.83120462686,
-46.4612832048,-7.91828239834,-29.736346046,
15.5367087411,-34.3773981158,39.7534617687,
-2.75630198062,-39.5758499038,17.5957716206,
4.33076754472,34.3192194733,-13.5221068283,
60.7970140403,-6.04672000134,11.6679662349,
8.42079909652,44.0209037489,2.62196819628,
-37.2059191075,29.313660813,16.3909350211,
-26.6069470593,-39.0555187623,10.5438280792,
-39.8315446928,-36.8014659698,5.17897814627,
-28.7933106362,28.374569451,-31.7917905886,
-51.2739962767,4.92594046897,2.44305692283,
32.0640781155,-38.8924784927,-4.44504369232,
78.0545209055,19.5306597116,-7.65166498278,
-37.4190981284,13.7524361474,-31.2300181688,
-68.2271484333,16.8379376951,-0.640125141662,
6.09624943383,31.9613812013,-27.0424142054,
-2.25356519939,-13.5438065365,55.0419332197,
-9.16812878558,-22.971803663,-53.5664729106,
-24.7463608167,-38.9108854814,-18.9369370985,
46.9593809914,-23.3623699846,25.8191526966,
-2.75133323452,-39.7720005758,-6.65207323423,
-33.6825715799,1.74759286921,39.5267299761,
79.4496900591,29.3365572007,-1.38093340451,
19.8959582623,-39.5624920799,5.03438198059,
74.905241434,0.774197013648,6.1715666009,
-68.6400919543,-13.8333498211,-0.913712134683,
51.3890972315,-14.0919699374,11.1181379386,
40.6308508134,-33.3457595166,-20.8110856261,
-9.06895112214,17.5929082205,-46.8200692796,
-41.3139092016,-31.5883035804,18.6143661704,
-11.1582351044,-39.5838819441,-15.47401337,
2.69795155249,-38.5074668291,35.1662248571,
36.6852208059,24.2656235617,-26.421179507,
40.8523824723,-37.1165777253,7.44174439551,
-26.4559337165,31.8708467571,-2.01580194497,
43.8451102083,-33.7407788776,-7.8563530389,
38.1273542799,19.100140454,26.3281300259,
-38.4740022956,-4.47029372611,38.5373674093,
14.7946622048,33.4606774156,-12.6513874576,
-15.1876914981,-17.7128518786,51.6785903645,
-54.2520698996,-7.71102539473,-5.97328082083,
51.463024062,-10.317685574,23.0514262801,
51.7523869391,0.857873128481,14.7202896726,
-0.0420016387981,-33.5879622281,-45.4217715041,
21.830998995,-15.1261574985,51.3766760854,
-20.573819105,-36.7833460278,34.2435630459,
-20.4452793369,-26.8787288259,45.5337083207,
-56.2838922504,23.7923892422,-1.76048342423,
27.7800415623,-18.1556836277,-49.2442187236,
67.0698168424,3.50853840777,8.1936381329,
-6.97123103158,-25.3959622,49.882876848,
-60.571813164,-16.0816472396,-6.91205314347,
-31.623880057,29.7144464872,10.4842204602,
-36.5291741087,-37.8631625083,-9.81155389336,
-16.6296650986,-4.16645080468,51.0231046145,
-1.13724569469,14.411015601,-49.7291930388,
-19.1510872117,21.2598836417,39.9801199037,
-49.0045050533,-3.63151024237,-24.7792628697,
-45.5767932659,5.01662313381,-25.2306828761,
43.502056959,1.90827452379,-32.4924608164,
31.6481338066,-17.0308137812,44.7905900002,
47.8243655707,6.99920910504,20.9182062353,
-41.2516106702,5.79919006054,-31.2704314958,
-72.2911656015,22.6198319502,-1.0144731068,
8.46489064496,32.8547316536,19.3516769397,
-37.3077377329,30.9806224003,-9.18825311755,
13.5015621158,34.1606127472,4.86711739384,
15.0054238495,-38.5599051189,32.3774903976,
27.5290014856,-39.1708016388,6.58043592758,
-18.8203887486,26.4346933034,-39.5492914567,
1.22820248187,40.0963458284,4.42355816504,
34.3724775651,-38.5641751701,-14.7137567594,
27.2449948545,30.8463356643,17.7163325655,
6.87899903386,34.277150105,10.6780219956,
20.5078566839,32.6091956338,11.0229825516,
-78.7733670786,-2.98068566299,-3.18944592722,
58.3884966446,2.61325623758,-0.66259553661,
33.998859043,29.8433009548,5.82009797964,
-7.37989668575,32.4839934004,-23.6200091386,
-53.1246214355,-2.19376398219,4.06585017823,
11.1761063011,-32.892137576,-44.2564223375,
3.73736704267,43.0148354596,-8.16773468173,
-59.5243286698,17.851652195,-2.90510660163,
-23.8113297525,-1.60300522602,-49.5604791074,
24.6515239419,-37.7285789249,29.8681604232,
-6.85415836822,25.7315964054,41.2351439051,
48.7853563198,11.3576607605,-12.877186267,
-41.3531487016,-19.4204696537,-36.359963647,
-15.6005300735,31.8109971495,20.8328905832,
-23.4825588287,-22.0824987811,-49.7817494949,
77.8794550012,11.3075237621,5.45408555208,
-12.3901015531,15.4002027626,44.8802940576,
31.6304308711,-25.9909118668,-42.2012859722,
9.33502908205,14.1811455998,46.3180838853,
5.1014377238,-24.6807325037,-53.357281533,
-32.4229963221,13.1491948598,-37.5589162549,
51.2429893099,1.08518681683,-1.02633636235,
43.9033577409,1.68655572009,29.7964902248,
50.1977335089,-20.127114291,5.28660884614,
32.8611870465,-2.69001451491,-45.0087299556,
-52.5743399994,17.7851950956,-0.336463963036,
-68.7093557842,-4.77867514789,0.0736877885953,
56.9858415054,-10.7624164836,-13.4519069457,
-46.3069217513,17.1941463219,2.51463139297,
20.9807195459,-23.8988303442,48.6190138606,
19.5036591949,29.2137818719,-30.7466040783,
17.1195317739,32.4777357122,-18.8491606855,
-14.864757492,-39.6298267122,-2.21439957446,
55.7997029517,-19.0153546814,-4.33747780472,
49.16003388,-27.2042932662,-15.208231393,
-7.62371284607,33.4726657055,-17.0528921349,
8.59572279376,7.77754615875,49.1241130767,
-40.1640860685,26.5124056443,-13.7713753358,
75.647534091,0.810939531583,-5.78568836202,
-42.3524976895,-11.3833976568,-36.6278448664,
53.3983529588,-16.503857061,-19.8507454809,
-51.6638187452,-12.8353613512,20.0480600111,
12.4585833321,32.1147699186,-24.3071394013,
1.41273578627,25.7009674808,42.6520712995,
10.8505196453,29.0023017716,32.8068732764,
-14.269803485,-26.0236140924,-50.1654946023,
-16.0770416576,33.5753889313,2.42782806292,
-60.6979747462,-12.3072702346,3.07374559784,
-51.4108781093,-20.2386449954,14.2989194408,
57.0112966403,-12.3003687606,1.05097421738,
-74.6434762361,15.0735935239,1.56731284392,
16.9437560147,-5.43153374739,-53.6907695606,
-28.0592221884,-0.611060021725,44.1428519885,
19.787316988,-29.3027889478,-46.7012985128,
-29.8762564915,28.9633921637,-18.8995858044,
-52.2044125799,-15.5858208352,-18.70535974,
-13.1712813757,30.8866680742,-37.990923594,
-30.7348219991,-35.0319157095,28.1708323644,
-31.1708059304,-37.8913953732,20.0900023319,
49.3992656384,-7.11514341042,11.245189649,
38.2686568502,-6.24459682623,40.0450498893,
21.3732897897,-38.6638136033,-28.7368581586,
41.6638841645,-24.6614876493,31.9269000832,
-30.9645378429,27.8235116615,27.3227442002,
1.66533873038,-6.81254756809,-56.8768940161,
23.4979145185,-30.8500301234,40.0766525389,
-26.7858637035,-39.1807477673,1.26154400261,
47.8769486731,-20.8903288078,-28.4100410924,
-3.10349099566,-28.3028652517,-50.5826356077,
-34.3228861617,-23.4372793482,-41.6606933404,
20.1884579148,11.6661422373,45.2197908303,
-3.01630520734,-16.7206407234,-56.5594093516,
46.1985076729,-15.049672902,31.4270774583,
-30.0349484395,6.1846016657,-42.5805166721,
3.00381027783,-39.8239845974,-3.60281946883,
33.6578954828,-30.4540500407,33.8186692567,
-78.3240518932,8.8518013601,4.5373906589,
28.5083397899,-38.1886834616,-26.7770847934,
7.64120491389,-39.5579455829,18.1197164752,
11.2315843503,-12.6502552114,53.4878088965,
-6.325955493,32.7199633005,20.2613472777,
6.05108604597,7.34054128978,-52.0241887626,
-12.1356656033,5.31906995587,-51.2340320756,
-53.151613564,-7.34547400423,9.10335356538,
-15.8027447075,32.9282550728,12.1510959601,
29.2354227886,-1.62236665999,44.833506772,
-51.0588763426,-3.52174152514,-18.7948113869,
52.4050954016,-3.98517819228,18.8941806126,
-16.8648507338,32.5041327555,-17.2101175933,
-48.4308084675,7.33731098971,-14.7131893536,
13.6110799405,-12.6532106319,-55.2343915464,
77.2805662852,24.3060721107,3.42406944102,
-11.9079425265,-39.4542692638,-21.5864232561,
-19.2993786095,-39.1045111333,-22.1142291158,
4.67842142355,21.80958523,-46.0431953544,
46.4485675765,-32.2722532692,0.357690255202,
-11.6589748369,-39.5494202536,15.5696631343,
0.941944455513,31.0852705871,30.6064998449,
30.8771352443,17.8236137261,-37.3650941773,
20.2518890698,-39.5576177612,-7.047596718,
27.5464142524,-38.4756553405,24.0770010711,
40.1859742887,-36.6909240676,-14.3629050096,
-47.490215725,-29.9094380354,-2.70064308866,
-19.5918333004,-15.2924399204,-53.6628165472,
6.86070967076,-39.3494300955,-25.7743569338,
-48.9864899749,6.2912910152,11.883509366,
51.4226349565,-23.1202801453,17.7557934718,
39.259579629,0.533516270262,37.3452641366,
-44.2697173095,16.1541174697,15.0221988578,
30.4127646035,-32.1619245617,-35.8689752161,
-11.9866701608,-6.03241351023,-54.4150685633,
10.0576618267,25.8170572026,40.8907986896,
-39.7635043513,0.5709252299,-36.3171116882,
-42.558241958,-30.6188774096,-20.9537116766,
30.8636818379,30.7693059636,-14.7458088462,
2.56292711601,-19.2426493704,-56.3125610327,
-52.4152184291,-8.84040375505,-15.9774880067,
79.7558493038,13.8257096755,-5.84377283764,
55.836934954,-17.0516139191,4.55366075558,
14.7340179874,-23.5346834253,50.1380597796,
35.5389739287,-12.8852054182,-45.0531723486,
82.6147721319,20.3920862078,4.08071498624,
-44.1807232505,22.7982278605,0.00972505787853,
18.1741424,25.1898276656,39.5681154654,
25.9883607519,32.1364606015,3.27270767293,
29.476435944,-39.1074533884,0.954856612055,
-7.61243495118,31.4003242528,-29.4646681183,
-31.0544055386,-12.1082045087,-46.8293279543,
-2.33349185196,14.2564758275,47.341091746,
-1.8104097242,40.8868231302,-6.19907022839,
-34.5330866746,-0.411027587563,-41.9536921809,
-22.2107471975,-31.5336793623,-41.106046576,
41.0052811678,13.6791341808,26.1929929129,
-4.39012101773,42.3447981508,3.58519565796,
-4.0544792786,33.8215918809,14.0437154029,
12.2392541779,30.3587522521,-40.1089480857,
52.6133219405,6.55872327813,-3.58631779191,
-30.721551621,15.586242486,35.2817458033,
9.82107621291,35.7165204116,-0.989771477088,
-35.2795883539,8.24667331273,35.8445580081,
-5.18056618375,-29.8660086963,46.3908280524,
-16.6825114483,22.2476485949,-43.1399018776,
48.085824317,-28.3516752618,13.8748580288,
51.5269669663,-0.755217896822,-6.66923172025,
35.1445138408,26.503239911,24.6539744234,
12.9563239427,-39.2538817977,22.9178040983,
-17.2141487788,7.54406108543,47.1912245206,
-45.5167076987,-20.6119471041,-29.5831806676,
17.5920883062,16.6628312418,43.656820257,
23.9565903419,-34.4086687149,-37.4667535269,
-25.6641382076,25.268761993,-35.6151089312,
10.2106367658,-33.2453573933,41.8389357503,
71.8242031857,18.8008871091,0.154787156012,
-26.3174380709,29.3087679878,30.476065912,
12.3544031704,-39.6385944019,-11.065870563,
31.3550922336,-22.6132673779,43.2432446218,
-49.3210021884,-12.4668663007,-26.4513891014,
-24.9113048757,-32.151427454,36.2370557312,
-56.4229168854,-14.0381746232,-1.11687453259,
-41.2217586169,15.858066582,-23.9994862756,
-4.45280902121,25.4544068346,-44.0550176411,
46.300232922,13.7826232341,-20.3615535029,
-19.7434782488,-14.1597828833,51.6640749298,
88.7408747287,27.8474439756,3.58881490272,
-10.0269526907,-39.0285188945,-29.0593416502,
-16.6948934933,26.3494192352,38.8030203999,
92.0661506524,25.9876164234,-1.20724507778,
37.4584691342,-38.4411814712,-2.45518537366,
-28.4737850646,17.799041968,-37.8748913438,
-47.2328230836,-28.2688209129,10.10679984,
11.7542500273,-38.6225847897,-34.4077077753,
-6.17424196033,6.65281023173,-51.9573828609,
50.9873030861,4.62045333673,-15.0003304259,
-8.12099206556,-10.377863563,53.4951660264,
-8.87490533374,-38.9900039893,27.5794448396,
55.1929344825,-7.11947565764,-9.25852187186,
18.3227461964,32.3201344113,16.8432010023,
37.3181147426,-37.2962772862,17.3727977014,
26.3057337429,20.6041011519,36.6674447877,
-77.9772084924,8.52665430605,-6.59362323256,
51.1352346794,6.53419232001,8.90767580033,
43.9905589334,20.0344169624,15.9365194689,
41.5944497329,28.0131990026,9.17403478268,
-28.2588311268,-16.3895051502,46.1469250463,
8.90641585616,34.6130834156,-10.1487480965,
-23.6450180099,22.6269968507,36.2146173735,
-64.987782238,21.8931030442,4.04964471004,
-14.1733022765,-39.600207644,-10.2700594433,
6.74559954079,41.5083326448,-3.18694245004,
26.7329683925,-13.8012929852,48.8641060443,
-33.3561677278,-11.2794356141,42.9523142996,
-33.0582462752,24.3678556795,-29.2723910877,
32.2851018026,28.3474355093,17.3282000509,
-43.335649252,9.34734452309,23.4142469316,
-25.4658065182,11.0906984001,41.0126521349,
24.4664031774,14.0277013782,-43.5640474761,
3.86188289961,33.2238808463,-20.2428194685,
-41.77223959,-13.8805731335,35.8210969929,
45.0286559127,-26.3635742801,-26.7515484773,
13.8931470375,32.1982707455,20.5929879868,
67.6070828776,-2.59606220252,-13.1400419699,
-1.83684291541,-39.6822282496,10.8835487532,
-3.56482133854,-39.2940205229,24.6127362568,
-37.0497801755,-35.5730154338,17.8604704818,
-21.9271634987,32.6262379301,1.88780470093,
-7.44968335732,43.8213818745,-0.856273586814,
-7.7996891952,-39.7414787247,-1.3510240421,
3.14651149675,32.6169373683,21.8407084233,
4.83562307023,48.4829914238,-8.13077727542,
-25.6860738934,-39.2451240728,-4.74155258973,
17.4692152665,-11.7498352113,52.1457633534,
-59.0150726967,22.0194477539,-6.55943818875,
-50.3282827887,23.6424735816,-2.79824862638,
-29.0915052201,-38.8078907624,-14.8535666241,
-32.0616625033,-37.0410481025,-25.9052015443,
-47.268710946,-24.2903965624,21.5848242018,
-78.710558551,17.2522377787,4.75906538905,
60.5426450698,-16.0826947748,-5.82681724335,
-37.4079151578,-29.1274225877,-31.6990266423,
0.435955982811,-0.622408799367,53.3120297616,
-9.7313894096,0.469705938318,50.971418187,
7.91654672968,-39.6891277018,8.45649499217,
36.8617843276,-22.225949578,-41.894732286,
36.3991129885,28.8286451081,-4.17445944738,
-74.2229302079,2.92062645488,1.36870968731,
43.9540173927,24.6133781281,-7.49246436971,
-19.5693497985,-39.2571841044,16.356849056,
24.2834737891,28.9191278942,-28.1111938001,
-47.5192916878,13.6872615261,-5.97048108644,
37.6562337571,30.6648190478,-14.3681224629,
33.8306544002,-36.2253255664,24.4205687843,
23.9337567485,0.502033851756,-49.8301582504,
34.3654599616,19.3948993362,31.7047202045,
-41.7489791085,-23.2148965469,31.3256795804,
-41.3547423037,-28.776364029,24.1904498533,
52.5015632893,-25.3130710468,-5.79731822391,
25.9893077126,32.0510016411,-7.83679316337,
41.3515313109,-20.6116316691,-38.289790737,
50.5889797607,11.4248201511,1.38529614108,
-37.1446053954,-34.3560001518,-21.9029973657,
-31.0782739576,-4.83509101754,-45.7562868023,
41.3181774783,-26.2751497138,-32.4182531369,
0.263195271117,-39.0182960199,29.0101135238,
45.5359309855,-31.6770000979,8.46117670415,
-51.3374629662,-5.66529122562,17.2476108217,
29.2542726245,4.73841446094,42.5219952766,
-14.3514986474,-16.3411574384,-54.4212106227,
-37.9528952034,21.4514602674,22.1582690625,
-44.8224389836,17.313206629,9.75085176342,
-22.389882009,16.6070485229,-42.5715866889,
-49.1409507914,-14.2070561584,24.8822352348,
43.1676674104,-29.4293347962,22.7430637481,
-20.2057273481,11.8758142516,-46.3627634004,
40.8024202937,17.9938410755,-25.4635743405,
72.7058236193,-6.44211102872,-2.86097239419,
-7.6353693639,35.697135726,1.94490905256,
-51.7113260233,4.642180729,-2.88256223127,
2.29795755661,26.3114909927,-44.4078668528,
-38.3112600413,26.0991644806,-19.9899880612,
-38.2257834741,14.1741804326,27.4984163605,
-12.7013517171,29.7306030059,30.9377270171,
30.8302899288,-38.5859578812,-19.9294183917,
-31.4462566417,-31.7055560378,-34.6895569433,
15.4135325378,-39.5752363793,11.5498616763,
53.8003983768,-4.29987218827,12.3136923269,
-31.4539371199,30.6905737839,22.8583489112,
27.2643564936,-38.84016086,17.0960686359,
23.4738059358,-17.2855651517,-52.398081763,
-50.552152113,-25.8127265808,3.05209843542,
6.94423741549,-3.57614526266,-55.2997939268,
48.5719638436,-29.1126578687,-10.2995099466,
-3.44675317446,48.8705244177,-4.46119780852,
37.5568455851,-24.8313754144,37.0966098605,
-65.0441861196,-12.8874967773,-7.26181634063,
38.1030380072,6.77564154961,-37.8235742612,
-38.5412914971,-11.2215471631,-41.6895695347,
26.8819741534,-34.4182751778,33.282379179,
25.1282051335,-26.916362476,-45.6928826159,
-44.539714098,12.7535485298,19.1096302821,
36.2836144344,28.9959853971,1.17538369057,
-20.0082768955,-36.1416117617,-37.3074173419,
-26.1471598041,29.2798656412,-23.5667071469,
51.2100274053,-10.8258270884,-25.7558528027,
69.0598394271,9.25703853343,4.42775058342,
-0.359403166718,29.4181138779,-36.0950855871,
39.793482519,-16.7213398333,39.4356332925,
30.0509099985,28.7620080409,-31.746603619,
67.5000891829,-9.68241533403,-11.3949217072,
5.24601919954,-26.7021947274,49.5271809357,
-3.70965631604,2.44018170616,-53.775655183,
16.8271804974,5.48811507608,48.3682055225,
42.5849588175,-9.05949548375,-38.2591060518,
-80.0850126438,18.5111495873,-5.13168781636,
-25.187956686,-16.6360511705,-50.341260474,
18.8716614489,-39.5947519362,-1.85030892791,
-75.9850038997,-1.37916987427,-7.37701831507,
12.8944348122,22.6343826562,-44.0351944239,
46.5088557863,-2.4941824357,28.1611636427,
41.2490071743,26.5985749665,14.2739896244,
-25.3771089393,31.5939092485,11.0374219049,
-26.6768222547,-5.86486229875,-48.8518059354,
-57.9016819021,-17.8908424675,4.43735884162,
-9.98902344318,-38.4971439533,-35.6534728037,
-67.1937163698,-7.29140144011,-4.61464260951,
1.32053895406,5.32831445014,51.4787375823,
-46.6746189819,-10.4047071075,27.7415264592,
57.103790804,0.967541422907,-5.3960200244,
-19.2864888994,-21.1959230977,49.9514497557,
16.3095045872,33.8999883086,-1.93601188308,
5.71277168045,-39.6504760331,-14.7201504224,
8.89571911917,-39.7412718086,-4.28542981814,
-28.8729927631,31.2589035479,-6.62116441628,
38.3508618123,13.6302996879,-32.4109878681,
-20.3042696219,31.0204594709,22.7777788623,
16.4202584128,31.2549771395,24.9788108274,
19.0891321475,28.9320524391,-35.869822872,
2.37809089898,-39.5770921452,17.918104821,
45.9471148938,-2.42079902509,-31.1769165178,
52.0911493658,-26.4266380792,1.23643655167,
5.88399354776,-3.15480825141,53.1645618016,
-12.0782540485,-39.6232721665,8.53739899114,
-57.147798939,-20.2926013477,-2.69063561442,
33.1122078372,2.33463813413,-43.0247486557,
-41.3313031901,-1.66461654372,32.9657715472,
-20.9921946031,-39.5383328887,-1.00561751616,
55.6006414533,-4.62056641444,3.4256308547,
15.5988073327,33.4078056524,9.80038050975,
-75.479624292,-6.37412818821,-5.98408165132,
25.4172930796,28.7216071505,25.514115468,
72.5494399149,13.1720375191,5.85317337519,
13.6192856101,13.6258236295,-47.9189362631,
7.99566493293,48.5878095304,0.363335370754,
5.49039527172,-38.8629548791,-32.4698862632,
47.1484664074,11.6422726353,18.3524203352,
54.4298913923,0.567779691644,2.92782849845,
-46.9966292303,-2.01099970794,24.6880941487,
-46.079716064,-29.9174557323,-9.79720004289,
54.379490352,-18.1636764425,10.450810536,
-16.0786165753,-39.5990798742,3.94188895967,
48.8241127824,12.266520677,8.55276326275,
-26.1046988721,-6.44953064155,47.1036359159,
25.2677406341,-39.1472077852,-15.1142165503,
-38.1190332213,31.0234834508,3.2196552807,
40.2593186249,30.653104337,-8.07307198881,
50.2557948194,-9.24782207949,-14.4294383643,
-63.5783488245,18.2694707905,-5.98328742459,
57.0972590964,-15.8716220105,-10.9006806426,
14.1460104077,28.7102648895,-34.8435568513,
44.5430939452,-7.90807294655,32.8673802989,
-47.4697040601,4.08532631651,20.6892465993,
-81.6902991132,0.887760940575,-1.78908237538,
32.1695862259,30.0647292389,12.5923732685,
-30.1186074786,-22.6997000137,42.9314576085,
-49.4751737764,-25.1499684959,-13.3551410747,
-4.00522897827,-38.0605311134,-38.4856600984,
-4.84886046984,-32.2255615234,-45.9473955024,
-17.3297318997,-28.8429083097,-47.3500640942,
62.3099949292,-10.5438707684,10.0459430036,
24.4011741101,-3.78523756218,48.8507215787,
-22.4672563306,-38.7341152062,23.5757562194,
63.8698263512,4.45175765934,-2.72710474454,
19.1599452856,-2.67728427149,50.3975698254,
-19.4213705997,-38.5501057359,28.4946451143,
9.54369515346,-28.9628184272,-49.1165477716,
11.1963648103,-24.6224783662,-52.1994991264,
24.9979888924,26.0077748046,-36.7637131045,
1.92274391614,34.4616294087,11.3004719172,
-55.0252382996,-6.335902204,-1.01260535394,
45.8737779219,19.0312507594,-10.990966685,
-2.45360193353,-39.5938803207,-18.7031510396,
14.9734209498,-39.5407289396,-17.3473660649,
64.853295799,-0.857444331546,9.50893328372,
13.8519022662,-27.9525551617,46.8472478184,
36.9256967883,-38.0103628239,11.1864345503,
-36.3029713443,-19.4406251428,39.8101706474,
41.9171131853,-36.9928075961,-4.65201934466,
-71.3817917957,-10.4234478442,2.59041870168,
-82.717085947,6.12552528914,-3.60301296358,
63.0258929971,-0.674006018335,-11.4057186801,
-20.0549683544,3.15560036138,48.1139835179,
31.7382682404,-15.6162100479,-47.3880932447,
8.59122010786,-17.8345829235,53.2772082242,
9.3208722911,-39.6115687168,13.4735888502,
-53.3328008358,-8.39270993347,-11.0523381043,
20.5662954459,22.6977680438,-41.5644437974,
56.7475380907,-8.85688962875,-2.46427571088,
25.8896210638,-12.6434756461,-51.476281496,
-3.24074722848,-8.79128857623,54.2642120238,
4.87472410131,2.88797968459,-53.7372210351,
33.0760515733,-11.9038587631,44.342950237,
23.4755405103,5.52572178653,-48.3211962324,
41.5864035182,19.3197916282,20.9780261725,
-47.5586865466,7.14455261055,-19.5355054538,
31.2466116822,30.0037736529,26.9325223748,
-29.0922441368,11.05387535,-40.8197551998,
-44.6640753843,-20.1509206061,28.8561672143,
-42.7099506279,-5.77930342036,-34.8767936121,
-21.7420275972,-39.3819618926,10.1924168792,
-72.3129467299,-4.91213449961,4.85972006189,
-2.16021299103,8.33292355914,49.8359395496,
-5.98376785558,-39.717558225,6.454042456,
53.0207525032,-23.9433538324,6.39256988288,
21.9121205042,31.863157156,-18.3220831809,
50.4276647743,2.32856764773,19.1580751041,
46.9063403419,-17.300921598,-31.5350947537,
-41.2272065981,26.0960980827,7.15707095708,
1.27606338497,29.95954834,40.332156985,
-39.5689723498,-23.9929832879,-35.7182713012,
-13.0312963012,13.1172365318,-47.9181277132,
72.8517900645,-4.9559774238,3.35544097256,
43.3043945012,8.85698099007,-28.5210903638,
-43.9764084863,-31.5845628026,8.48289368858,
36.1353053387,-29.7595366534,-34.7909796749,
3.60813525333,48.978605096,2.6675039783,
-30.3634812805,-23.3077590118,-44.4310821529,
63.4235414951,2.19991390547,4.4755471938,
43.1551197345,28.1456992006,0.956294575782,
-8.96998655083,34.6821058956,-7.69578782046,
38.4621296683,26.3195636029,-22.0652916669,
-14.3823934514,-34.463790797,39.574294365,
-9.88976233067,-18.3615332559,-54.7698342752,
-6.35931127233,-37.9817922593,36.1024581651,
43.523480352,-15.6792931996,-37.3461422472,
66.9145337376,-14.057624686,0.989324790234,
8.73074089148,29.7702055755,-34.2020022159,
-24.3291442021,-13.7585849996,49.3543374263,
-72.798352567,15.7780907307,-3.18577111163,
2.01510713252,-30.2472698848,46.9037064001,
95.0635284168,29.5031387113,-3.8008753557,
79.7318593126,15.9257317638,4.50298157429,
-2.86096498012,-33.1786492825,43.0231511398,
38.0720062723,-37.2735205856,-18.61476158,
65.8082025677,3.57310954057,-10.0207927382,
-64.3716079923,-16.0611630402,-3.75091292768,
-17.381908336,30.7298594371,-35.737460356,
-18.1582609047,30.8235663283,33.2899842468,
-53.0479644012,-18.0475267822,-11.1479625385,
-49.1993020594,21.2758861232,-7.17661528137,
3.00774082567,-19.7532007244,53.8741115892,
-54.6366294509,-15.9834601351,-5.85658881428,
20.218971582,20.8912444799,40.5821044321,
-54.1895181236,21.6870443763,4.62088476203,
-12.5211453481,7.90183155601,47.9692431477,
43.2119079682,-31.6682142169,18.0983337325,
39.99531155,-10.9066369871,-41.7830047015,
-28.8915648335,-37.7786713881,24.2501560432,
49.4762309154,15.1755352732,-1.34617706013,
43.9914785088,-30.2484184072,-22.0531208456,
51.3243013626,-2.88497643516,-23.3934559596,
-7.63432149279,30.7907488902,36.7966773263,
46.9374487423,19.455744236,2.38253031733,
40.654221735,27.4821860414,-17.4095346421,
32.9033207107,-38.7530475634,-9.5209897199,
-3.82542836332,-2.26236513243,-55.186813544,
25.6843385215,-39.3311461603,-7.41377982662,
-38.3017114156,-21.5953463043,-39.9043360069,
-19.9970165079,-39.5152946149,-11.3131243147,
-6.6713884259,30.8034199464,-40.1486528806,
54.5869409677,-14.296199596,14.5612694692,
-9.45579524826,33.7337307808,11.7383285057,
44.390783848,18.0621598807,-20.0455832793,
4.73493632734,16.260202483,46.3627460964,
1.35943488283,-27.5614215085,-51.8367254571,
-30.4364055666,-27.2674780774,38.4853807454,
61.1721751904,-12.1308333517,-11.8463164839,
59.3136021749,-5.00160471202,-13.1748953535,
-4.26521899652,11.0126732397,-50.5232348802,
-30.3338790538,4.87462409186,40.637803884,
57.4712780645,-9.34252319839,11.7355698322,
9.62957598334,2.51226289404,50.6968516356,
21.1222252019,-39.2000829379,-20.0715246467,
52.050748515,-20.8676691407,-20.8522159557,
27.3628493347,15.8113271256,38.5312479585,
18.6472846158,-39.4301491055,16.1726176527,
-15.4984063405,-37.6650921399,35.1663355914,
25.3091661009,-9.37123748934,49.173156761,
70.8750577636,-9.25118825089,2.27272886614,
-16.6452816682,31.1184517826,-26.8113752448,
2.62116493902,44.104361475,7.11648559742,
5.88811332767,-8.35611791226,54.0162845687,
77.5630118463,4.44704090554,-3.62409864216,
35.5232689212,-34.5150941577,-26.5514186835,
-48.8741180918,9.44864621276,-8.02626100571,
24.0535157591,31.7333945605,14.1556793228,
-25.028041057,30.8933078792,-30.7983472783,
-42.3270292269,-32.357939105,-14.5288181582,
73.3933133949,6.89296632218,-10.4807537998,
-44.3933902525,-32.8232313598,-0.873584914457,
-47.347177727,-26.4166468232,-19.100922842,
-18.8421504294,-24.4283242515,-50.5138991664,
12.1712931934,-39.7001455314,-1.02207298583,
74.0100564392,11.4154543719,-9.30624143594,
-7.46194248811,16.8524438532,45.250105849,
-16.6364195589,33.3878218771,-7.55903283831,
45.8022416649,10.5058667921,-23.5761042577,
18.7353279091,-25.9377821615,-49.6792615633,
1.1702800444,-39.6517870396,-15.5321243987,
10.7365190401,31.0314727239,37.0309016336,
-20.0146271561,31.5436208039,-21.7497472873,
-11.9054131389,-5.48170738814,52.1474867492,
6.81276932494,-34.2855297504,-43.7759908764,
-49.6706818171,7.47864229259,5.9205803332,
-2.97238932731,32.3638576161,-25.1432919328,
-35.0562687345,3.77771597357,-40.0896543327,
70.5543802732,0.78261311934,9.44008007408,
-63.7882921169,17.8386502428,2.24716723296,
1.94172533543,-39.7559604342,6.41284552006,
